8|7|6
5|4|3
2|1|0
1
8|7|6
5|4|3
2|0|1
2
8|7|6
5|4|3
0|2|1
5
8|7|6
0|4|3
5|2|1
8
0|7|6
8|4|3
5|2|1
7
7|0|6
8|4|3
5|2|1
6
7|6|0
8|4|3
5|2|1
3
7|6|3
8|4|0
5|2|1
1
7|6|3
8|4|1
5|2|0
2
7|6|3
8|4|1
5|0|2
5
7|6|3
8|4|1
0|5|2
8
7|6|3
0|4|1
8|5|2
7
0|6|3
7|4|1
8|5|2
6
6|0|3
7|4|1
8|5|2
3
6|3|0
7|4|1
8|5|2
1
6|3|1
7|4|0
8|5|2
2
6|3|1
7|4|2
8|5|0
5
6|3|1
7|4|2
8|0|5
8
6|3|1
7|4|2
0|8|5
7
6|3|1
0|4|2
7|8|5
6
0|3|1
6|4|2
7|8|5
2147483647
0|3|1
6|4|2
7|8|5
2147483647
0|3|1
6|4|2
7|8|5
2147483647
0|3|1
6|4|2
7|8|5
2147483647
0|3|1
6|4|2
7|8|5
2147483647
0|3|1
6|4|2
7|8|5
2147483647
0|3|1
6|4|2
7|8|5
2147483647
0|3|1
6|4|2
7|8|5
2147483647
0|3|1
6|4|2
7|8|5
2147483647
0|3|1
6|4|2
7|8|5
2147483647
0|3|1
6|4|2
7|8|5
2147483647
0|3|1
6|4|2
7|8|5
2147483647
0|3|1
6|4|2
7|8|5
2147483647
0|3|1
6|4|2
7|8|5
2147483647
0|3|1
6|4|2
7|8|5
2147483647
0|3|1
6|4|2
7|8|5
2147483647
0|3|1
6|4|2
7|8|5
2147483647
0|3|1
6|4|2
7|8|5
2147483647
0|3|1
6|4|2
7|8|5
2147483647
0|3|1
6|4|2
7|8|5
2147483647
0|3|1
6|4|2
7|8|5
2147483647
0|3|1
6|4|2
7|8|5
2147483647
0|3|1
6|4|2
7|8|5
2147483647
0|3|1
6|4|2
7|8|5
2147483647
0|3|1
6|4|2
7|8|5
2147483647
0|3|1
6|4|2
7|8|5
2147483647
0|3|1
6|4|2
7|8|5
2147483647
0|3|1
6|4|2
7|8|5
2147483647
0|3|1
6|4|2
7|8|5
2147483647
0|3|1
6|4|2
7|8|5
2147483647
0|3|1
6|4|2
7|8|5
2147483647
0|3|1
6|4|2
7|8|5
2147483647
0|3|1
6|4|2
7|8|5
2147483647
0|3|1
6|4|2
7|8|5
2147483647
0|3|1
6|4|2
7|8|5
2147483647
0|3|1
6|4|2
7|8|5
2147483647
0|3|1
6|4|2
7|8|5
2147483647
0|3|1
6|4|2
7|8|5
2147483647
0|3|1
6|4|2
7|8|5
2147483647
0|3|1
6|4|2
7|8|5
2147483647
0|3|1
6|4|2
7|8|5
2147483647
0|3|1
6|4|2
7|8|5
2147483647
0|3|1
6|4|2
7|8|5
2147483647
0|3|1
6|4|2
7|8|5
2147483647
0|3|1
6|4|2
7|8|5
2147483647
0|3|1
6|4|2
7|8|5
2147483647
0|3|1
6|4|2
7|8|5
2147483647
0|3|1
6|4|2
7|8|5
2147483647
0|3|1
6|4|2
7|8|5
2147483647
0|3|1
6|4|2
7|8|5
2147483647
0|3|1
6|4|2
7|8|5
2147483647
0|3|1
6|4|2
7|8|5
2147483647
0|3|1
6|4|2
7|8|5
2147483647
0|3|1
6|4|2
7|8|5
2147483647
0|3|1
6|4|2
7|8|5
2147483647
0|3|1
6|4|2
7|8|5
2147483647
0|3|1
6|4|2
7|8|5
2147483647
